Sample	se_sense	se_antisense	failed
SRX11490741	0.4769	0.0718	0.4513
SRX11490742	0.4503	0.0812	0.4685
SRX11490743	0.4702	0.0889	0.4409
SRX11490744	0.4627	0.0866	0.4507
SRX11490745	0.4759	0.0866	0.4376
SRX11490746	0.4642	0.0808	0.455
SRX11490747	0.6067	0.0597	0.3336
SRX11490748	0.4899	0.0819	0.4282
SRX11490749	0.4923	0.0847	0.423
SRX11490750	0.4596	0.1054	0.435
SRX11490751	0.4564	0.1031	0.4405
SRX11490752	0.4623	0.1127	0.4251
