Sample	se_sense	se_antisense	failed	pe_sense	pe_antisense
SRX1643160	0.2319	0.2512	0.5169		
SRX1643581	0.2088	0.2747	0.5165		
SRX1643582	0.2319	0.2657	0.5024		
SRX1643625	0.1667	0.3611	0.4722		
SRX1643626	0.2407	0.213	0.5463		
SRX1643627	0.2424	0.202	0.5556		
SRX347145			0.4073	0.1899	0.4028
SRX347146			0.4126	0.1971	0.3903
SRX347147			0.3465	0.1969	0.4566
SRX347148			0.3448	0.1934	0.4618
SRX347149			0.3891	0.2128	0.3981
SRX347150			0.4028	0.2203	0.3769
