Sample	pe_sense	pe_antisense	failed
SRX8102890	0.076	0.5378	0.3863
SRX8102891	0.0755	0.5199	0.4047
SRX8102892	0.0477	0.6214	0.331
SRX8102893	0.046	0.5812	0.3728
SRX8102894	0.0749	0.5018	0.4233
SRX8102895	0.0327	0.4634	0.5039
SRX8102896	0.0277	0.4515	0.5208
SRX8102897	0.0423	0.5434	0.4143
SRX8102898	0.0793	0.5654	0.3552
SRX8102899	0.0761	0.5548	0.3691
SRX8102900	0.0794	0.5502	0.3704
SRX8102901	0.0478	0.6091	0.3431
